1 NaN NaN NaN NaN NaN
2 365 262 289 295 0.793121
3 365 262 289 295 0.793515
4 365 262 289 295 0.796169
5 365 262 289 295 0.797047
6 365 262 289 295 0.799483
7 365 262 289 295 0.807680
8 365 262 289 295 0.811071
9 364 262 289 295 0.828562
10 364 262 289 295 0.829133
11 362 260 290 296 0.839569
12 362 260 290 296 0.837232
13 358 254 291 297 0.833904
14 358 254 291 297 0.834154
15 354 246 288 294 0.833128
16 354 246 288 294 0.832828
17 351 243 287 293 0.773570
18 351 243 287 293 0.772581
19 347 239 286 292 0.671064
20 347 239 286 292 0.670661
21 345 238 284 290 0.647287
22 345 238 284 290 0.995749
23 345 238 284 290 0.984617
24 345 238 284 290 0.983265
25 345 237 283 289 0.956571
26 345 237 283 289 0.955200
27 345 237 283 289 0.953632
28 345 237 283 289 0.933012
29 345 237 283 289 0.898281
30 345 237 283 289 0.891098
31 345 237 283 289 0.884157
32 345 237 283 289 0.867098
33 345 237 283 289 0.854817
34 344 235 284 290 0.866375
35 343 234 285 291 0.838269
36 343 234 285 291 0.837832
37 343 234 285 291 0.837720
38 337 225 292 298 0.795858
39 337 225 292 298 0.795858
40 337 225 292 298 0.795858
41 324 204 309 315 0.794888
42 324 204 309 315 0.794354
43 324 204 309 315 0.795014
44 314 184 324 330 0.783841
45 314 184 324 330 0.783845
46 314 184 324 330 0.783838
47 303 159 343 349 0.738656
48 303 159 343 349 0.738711
49 303 159 343 349 0.738368
50 282 122 370 377 0.700278
51 282 122 370 377 0.698865
52 282 122 370 377 0.699131
53 271 104 385 392 0.647604
54 271 104 385 392 0.999657
55 263 90 397 404 0.903859
56 263 90 397 404 0.903843
57 261 88 400 407 0.893086
58 259 86 403 410 0.878090
59 259 86 403 410 0.878356
60 259 86 403 410 0.878870
61 258 85 405 412 0.874825
62 258 85 405 412 0.876311
63 258 85 405 412 0.886914
64 258 85 405 412 0.885963
65 260 88 401 408 0.892434
66 260 88 401 408 0.893269
67 260 88 401 408 0.892731
68 264 93 394 401 0.885599
69 264 93 394 401 0.885180
70 264 93 394 401 0.885180
71 275 110 377 383 0.921799
72 275 110 377 383 0.924727
73 278 116 371 377 0.914368
74 278 116 371 377 0.914559
75 290 130 356 362 0.915445
76 290 130 356 362 0.916127
77 290 130 356 362 0.915957
78 299 139 343 349 0.813806
79 299 139 343 349 0.813352
80 308 156 327 333 0.765527
81 308 156 327 333 0.765212
82 311 165 321 327 0.751068
83 311 165 321 327 0.752787
84 311 165 321 327 0.753207
85 322 195 302 308 0.771480
86 322 195 302 308 0.771431
87 325 204 297 303 0.754315
88 325 204 297 303 0.753763
89 328 218 289 295 0.739885
90 328 218 289 295 0.740285
91 328 218 289 295 0.740565
92 328 227 282 288 0.715550
93 328 227 282 288 0.715455
94 327 232 278 284 0.714527
95 327 232 278 284 0.714642
96 328 235 275 281 0.714817
97 328 235 275 281 0.714257
98 328 235 275 281 0.714257
99 339 234 275 281 0.727473
100 358 233 276 282 0.764255
101 358 233 276 282 0.763529
102 381 226 273 278 0.683015
103 381 226 273 278 0.683015
104 381 226 273 278 0.683015
105 476 225 276 281 0.669680
106 476 225 276 281 0.668551
107 538 234 275 280 0.693323
108 538 234 275 280 0.693323
109 566 238 275 280 0.680191
110 566 238 275 280 0.680373
111 620 252 272 277 0.687074
112 620 252 272 277 0.687306
113 642 259 271 276 0.633117
114 642 259 271 276 0.999731
115 682 273 269 274 0.938285
116 703 278 269 274 0.895916
117 703 278 269 274 0.895916
118 724 284 267 272 0.849369
119 724 284 267 272 0.849369
120 762 294 265 270 0.796993
121 762 294 265 270 0.796948
122 793 301 263 268 0.752651
123 793 301 263 268 0.753153
124 793 301 263 268 0.753425
125 811 304 263 268 0.735693
126 811 304 263 268 0.735751
127 815 303 263 268 0.717346
128 815 303 263 268 0.717021
129 813 302 263 268 0.716826
130 813 302 263 268 0.716783
131 813 302 263 268 0.716783
132 786 295 261 266 0.751713
133 786 295 261 266 0.751585
134 786 295 261 266 0.751741
135 755 288 260 265 0.782051
136 755 288 260 265 0.782024
137 714 279 259 264 0.842440
138 714 279 259 264 0.842500
139 689 273 260 265 0.850763
140 689 273 260 265 0.850244
141 634 263 261 266 0.845728
142 634 263 261 266 0.845673
143 604 259 261 266 0.817120
144 604 259 261 266 0.818180
145 541 251 261 266 0.781300
146 541 251 261 266 0.781605
147 476 246 263 268 0.756480
148 476 246 263 268 0.754664
149 476 246 263 268 0.754664
150 416 245 262 267 0.778596
151 390 246 262 267 0.782033
152 390 246 262 267 0.782054
153 390 246 262 267 0.782112
154 343 245 264 269 0.735834
155 324 244 266 271 0.693071
156 324 244 266 271 0.693171
157 293 244 267 272 0.678008
158 293 244 267 272 0.678008
159 293 244 267 272 0.678008
160 275 244 269 274 0.600300
161 275 244 269 274 0.999922
162 270 243 270 275 0.954564
163 270 243 270 275 0.954564
164 271 243 270 275 0.967072
165 271 243 270 275 0.965791
166 271 243 270 275 0.964594
167 285 241 273 278 0.888303
168 285 241 273 278 0.889170
169 291 240 273 278 0.842469
170 291 240 273 278 0.842469
171 303 231 272 277 0.814432
172 303 231 272 277 0.814432
173 309 221 272 277 0.805391
174 309 221 272 277 0.805454
175 320 210 273 278 0.801260
176 320 210 273 278 0.801260
177 320 210 273 278 0.801260
178 331 200 273 278 0.766848
179 337 193 272 277 0.728580
180 337 193 272 277 0.726600
181 337 193 272 277 0.726099
182 346 126 279 284 0.740226
183 346 126 279 284 0.740226
184 346 126 279 284 0.740226
185 355 120 281 286 0.750002
186 355 120 281 286 0.750002
187 364 143 276 281 0.766120
188 364 143 276 281 0.764968
189 364 143 276 281 0.763770
190 368 161 271 276 0.777914
191 368 161 271 276 0.778060
192 371 166 269 274 0.775202
193 371 166 269 274 0.775155
194 372 166 269 274 0.775436
195 372 166 269 274 0.777162
196 372 166 269 274 0.776551
197 379 171 267 272 0.774834
198 379 171 267 272 0.774469
199 379 171 267 272 0.774359
200 386 180 261 266 0.783395
201 386 180 261 266 0.783443
202 395 198 253 258 0.763295
203 395 198 253 258 0.762492
204 395 198 253 258 0.763083
205 395 198 253 258 0.762807
206 413 231 237 241 0.753147
207 413 231 237 241 0.752922
208 419 242 232 236 0.755751
209 419 242 232 236 0.755983
210 431 269 219 222 0.742158
211 431 269 219 222 0.742235
212 439 294 207 210 0.697307
213 439 294 207 210 0.697115
214 442 306 202 205 0.697391
215 442 306 202 205 0.697477
216 443 328 193 196 0.664819
217 443 328 193 196 0.664615
218 442 337 189 192 0.644057
219 442 337 189 192 0.999929
220 442 337 189 192 0.999929
221 439 356 180 182 0.961425
222 439 356 180 182 0.962401
223 438 357 178 180 0.958166
224 438 357 178 180 0.958189
225 435 361 175 177 0.947932
226 435 361 175 177 0.948021
227 435 361 175 177 0.947517
228 431 361 173 175 0.932630
229 431 361 173 175 0.932640
230 426 359 174 176 0.918556
231 426 359 174 176 0.917862
232 421 357 174 176 0.888393
233 421 357 174 176 0.888334
234 419 356 175 177 0.875814
235 419 356 175 177 0.877560
236 415 354 176 178 0.872093
237 415 354 176 178 0.872161
238 413 353 177 179 0.878770
239 413 353 177 179 0.874739
240 407 349 177 179 0.828526
241 407 349 177 179 0.828526
242 393 346 178 180 0.684278
243 393 346 178 180 0.684311
244 393 346 178 180 0.684341
245 369 345 179 181 0.638312
246 369 345 179 181 1.000000
247 369 345 179 181 0.999993
248 336 344 180 182 0.948375
249 336 344 180 182 0.948278
250 336 344 180 182 0.948417
251 285 341 184 186 0.789056
252 285 341 184 186 0.788779
253 270 340 184 186 0.645622
254 270 340 184 186 0.999799
255 245 338 185 187 0.919636
256 245 338 185 187 0.919591
257 227 336 187 189 0.882219
258 227 336 187 189 0.881869
259 227 336 187 189 0.881869
260 214 334 188 190 0.849976
261 214 334 188 190 0.849865
262 203 332 188 190 0.817854
263 203 332 188 190 0.818498
264 203 332 188 190 0.817684
265 192 331 188 190 0.795230
266 192 331 188 190 0.794332
267 182 331 189 191 0.785173
268 182 331 189 191 0.785173
269 182 331 189 191 0.785401
270 172 331 190 192 0.762067
271 172 331 190 192 0.762142
272 172 331 190 192 0.762203
273 165 330 191 193 0.759240
274 165 330 191 193 0.759150
275 163 330 191 193 0.761239
276 164 330 191 193 0.766231
277 164 330 191 193 0.767069
278 168 329 192 194 0.762590
279 168 329 192 194 0.762796
280 168 329 192 194 0.762723
281 207 323 193 195 0.693629
282 207 323 193 195 0.693420
283 225 320 195 197 0.644237
284 245 318 196 198 0.962532
285 245 318 196 198 0.961311
286 285 315 197 199 0.704556
287 285 315 197 199 0.704039
288 305 313 198 200 0.705659
289 305 313 198 200 0.705659
290 343 309 200 202 0.726999
291 343 309 200 202 0.728147
292 343 309 200 202 0.727644
293 383 305 202 204 0.736270
294 383 305 202 204 0.736272
295 383 305 202 204 0.736270
296 439 289 208 210 0.673687
297 454 283 210 212 0.666117
298 454 283 210 212 0.666117
299 454 283 210 212 0.666117
300 477 269 219 221 0.684727
301 477 269 219 221 0.684977
302 491 258 227 229 0.647674
303 491 258 227 229 0.999990
304 494 251 229 231 0.930376
305 494 251 229 231 0.930081
306 495 238 232 234 0.728265
307 495 238 232 234 0.728278
308 496 229 236 238 0.720595
309 496 229 236 238 0.719935
310 496 229 236 238 0.720059
311 485 199 258 260 0.597787
312 485 199 258 260 0.999644
313 472 192 262 264 0.837001
314 472 192 262 264 0.838438
315 NaN NaN NaN NaN NaN
316 NaN NaN NaN NaN NaN
317 NaN NaN NaN NaN NaN
318 NaN NaN NaN NaN NaN
319 NaN NaN NaN NaN NaN
320 NaN NaN NaN NaN NaN
321 NaN NaN NaN NaN NaN
322 NaN NaN NaN NaN NaN
323 NaN NaN NaN NaN NaN
324 NaN NaN NaN NaN NaN
325 NaN NaN NaN NaN NaN
326 NaN NaN NaN NaN NaN
327 NaN NaN NaN NaN NaN
328 NaN NaN NaN NaN NaN
329 NaN NaN NaN NaN NaN
330 NaN NaN NaN NaN NaN
331 NaN NaN NaN NaN NaN
332 NaN NaN NaN NaN NaN
333 NaN NaN NaN NaN NaN
334 NaN NaN NaN NaN NaN
335 NaN NaN NaN NaN NaN
336 NaN NaN NaN NaN NaN
337 NaN NaN NaN NaN NaN
338 384 126 318 325 0.723955
339 384 126 318 325 0.723718
340 384 126 318 325 0.723072
341 NaN NaN NaN NaN NaN
342 NaN NaN NaN NaN NaN
343 NaN NaN NaN NaN NaN
344 NaN NaN NaN NaN NaN
345 NaN NaN NaN NaN NaN
346 NaN NaN NaN NaN NaN
347 NaN NaN NaN NaN NaN
348 NaN NaN NaN NaN NaN
349 NaN NaN NaN NaN NaN
350 NaN NaN NaN NaN NaN
351 NaN NaN NaN NaN NaN
352 NaN NaN NaN NaN NaN
353 NaN NaN NaN NaN NaN
354 NaN NaN NaN NaN NaN
355 NaN NaN NaN NaN NaN
356 NaN NaN NaN NaN NaN
357 NaN NaN NaN NaN NaN
358 NaN NaN NaN NaN NaN
359 NaN NaN NaN NaN NaN
360 NaN NaN NaN NaN NaN
361 NaN NaN NaN NaN NaN
362 NaN NaN NaN NaN NaN
363 NaN NaN NaN NaN NaN
364 NaN NaN NaN NaN NaN
365 NaN NaN NaN NaN NaN
366 NaN NaN NaN NaN NaN
367 NaN NaN NaN NaN NaN
368 NaN NaN NaN NaN NaN
369 NaN NaN NaN NaN NaN
370 NaN NaN NaN NaN NaN
371 NaN NaN NaN NaN NaN
372 NaN NaN NaN NaN NaN
373 NaN NaN NaN NaN NaN
374 NaN NaN NaN NaN NaN
375 533 175 289 295 0.690195
376 533 175 289 295 0.689792
377 496 164 296 302 0.738721
378 496 164 296 302 0.738434
379 479 158 299 305 0.770676
380 479 158 299 305 0.770778
381 452 154 300 306 0.832206
382 452 154 300 306 0.832329
383 452 154 300 306 0.832331
384 452 154 300 306 0.832331
385 428 155 300 306 0.814225
386 428 155 300 306 0.812735
387 423 157 300 306 0.807630
388 423 157 300 306 0.809101
389 421 157 299 305 0.811267
390 421 157 299 305 0.811262
391 421 157 299 305 0.811226
392 404 161 294 300 0.832493
393 404 161 294 300 0.831775
394 404 161 294 300 0.831937
395 378 164 293 299 0.820596
396 378 164 293 299 0.820658
397 378 164 293 299 0.821225
398 339 165 293 299 0.810757
399 339 165 293 299 0.810599
400 292 169 292 298 0.776403
401 292 169 292 298 0.776469
402 292 169 292 298 0.776416
403 247 173 294 300 0.677759
404 247 173 294 300 0.677723
405 208 176 296 302 0.638533
406 208 176 296 302 0.999980
407 181 178 296 302 0.954919
408 181 178 296 302 0.955529
409 172 179 296 302 0.935939
410 172 179 296 302 0.935981
411 162 182 296 302 0.893470
412 162 182 296 302 0.894706
413 161 182 296 302 0.879964
414 161 182 296 302 0.879607
415 161 182 296 302 0.879820
416 172 181 296 302 0.913469
417 172 181 296 302 0.912265
418 196 178 297 303 0.963157
419 196 178 297 303 0.963240
420 209 177 297 303 0.974472
421 209 177 297 303 0.974303
422 238 175 298 304 0.971732
423 238 175 298 304 0.971727
424 254 174 298 304 0.965968
425 254 174 298 304 0.965517
426 286 174 297 303 0.842900
427 286 174 297 303 0.842876
428 316 173 297 303 0.751239
429 316 173 297 303 0.751239
430 316 173 297 303 0.748973
431 343 172 298 304 0.733343
432 343 172 298 304 0.733438
433 369 173 299 305 0.724695
434 369 173 299 305 0.724716
435 381 173 301 307 0.710009
436 381 173 301 307 0.710138
437 405 174 303 309 0.714299
438 405 174 303 309 0.714448
439 405 174 303 309 0.714536
440 427 176 304 310 0.690949
441 427 176 304 310 0.691176
442 444 178 304 310 0.699154
443 444 178 304 310 0.699199
444 451 178 304 310 0.706356
445 451 178 304 310 0.706062
446 451 178 304 310 0.706544
447 465 178 306 312 0.707436
448 468 178 306 312 0.699597
449 468 178 306 312 0.700541
450 468 178 306 312 0.700120
451 468 177 307 313 0.703657
452 468 177 307 313 0.705226
453 468 177 307 313 0.706795
454 467 177 307 313 0.707988
455 467 177 307 313 0.706360
456 467 177 307 313 0.705883
457 460 175 307 313 0.697342
458 460 175 307 313 0.699730
459 457 175 307 313 0.699096
460 457 175 307 313 0.699511
461 450 174 307 313 0.689484
462 450 174 307 313 0.690113
463 450 174 307 313 0.690035
464 443 173 307 313 0.681444
465 443 173 307 313 0.681253
466 443 173 307 313 0.680609
467 434 172 306 312 0.673789
468 434 172 306 312 0.674638
469 432 172 306 312 0.670083
470 432 172 306 312 0.670634
471 432 172 306 312 0.670609
472 426 171 307 313 0.680082
473 425 171 307 313 0.681260
